representation  = AA 
storing_path    = Results 
run             = 22 
dpi             = 120 
figsize         : 3.500000 3.500000 
runpath_attributes : 
uncertainty_method = no 

max_ener        = 1.000000 
rclean          = 6.000000 
max_force       = 0.003000 
central_LD_atoms : 
split_method    = random 
colsplit        = label 

train_colvars   : 
optimization_method = stochastic_SLSQP 
opt_disp        = 0 
optimize        = 1 
maxiter         = 1000 
max_moves       = 40 
nepochs         = 30 
batchsize       = 6400 
maxiter_i       = 20000 
tolerance       = 0.000010 
sampling_method = random 
seed            = 111 
train_perc      = 0.800000 
validation_set  = sys_name:Ag10,Ag16 
regularization_method = ridge 

increased_stochasticity = 0.200000 
reg_par         = 0.000010 
polish          = 1 
popsize         = 30 

mutation        : 0.500000 1.000000 
recombination   = 0.700000 
initial_temp    = 15230.000000 
restart_temp_ratio = 0.000050 
local_search_scale = 3.000000 
accept          = -5.000000 
visit           = 2.620000 
weighting_method = constant 
w               = 1.000000 
bT              = 2500.000000 
bC              = 30.000000 
bS              = 15.000000 
clean_perc      = 0.800000 
costf           = MSE 
nLD             = 1 
nPW             = 2 
nBO             = 0 
nAN             = 0 
LD_model        = polynomial 
LD_types        : 
rho_r0          : 0.100000 2.100000 1.000000 
rho_rc          : 5.500000 3.500000 5.200000 
distance_map    = {('S', 'O'): (0.0, 2.5)} 
reference_energy = {'atoms': {'Ag': -92251.97939301}} 
struct_types    = [('Ag',), ('S', 'O')] 
rigid_types     = [] 
perturbation_method = atoms 
lammps_potential_extra_lines = [''] 
rigid_style     = single 
extra_pair_coeff = {('DUMP', 'DUMP'): ['morse', 'value', 'value', 'value']} 

&PW0 Ag Ag
FUNC Morse
re         : 3.15871328  1  1.12000000  4.00000000    0.00000000 
De         : 5.53678017  1  0.10000000  60.00000000    0.10000000 
alpha      : 0.96514027  1  0.10000000  7.00000000    0.00000000 
/

&PW1 Ag Ag
FUNC Bezier
L          : 3.94662595  1  2.70231200  5.00000000    1.00000000 
k1         : 91.33466042  1  -120.00000000  120.00000000    1.00000000 
k2         : 53.24353721  1  -120.00000000  120.00000000    1.00000000 
k3         : 42.50649259  1  -120.00000000  120.00000000    1.00000000 
k4         : 25.66873560  1  -120.00000000  120.00000000    1.00000000 
k5         : 12.42809430  1  -120.00000000  120.00000000    1.00000000 
k6         : -39.88419328  1  -120.00000000  120.00000000    1.00000000 
k7         : 69.80419160  1  -120.00000000  120.00000000    1.00000000 
k8         : -82.56904942  1  -120.00000000  120.00000000    1.00000000 
k9         : 43.30272438  1  -120.00000000  120.00000000    1.00000000 
k10        : 0.00000000  0  -120.00000000  120.00000000    1.00000000 
/

&LD0 Ag Ag
FUNC Bezier
L          : 12.91063717  0  3.12850974  3.91063717    0.00000000 
k1         : 0.00000000  0  -120.00000000  120.00000000    1.00000000 
k2         : -67.22661354  1  -120.00000000  120.00000000    1.00000000 
k3         : 5.31518272  1  -120.00000000  120.00000000    1.00000000 
k4         : -20.30802601  1  -120.00000000  120.00000000    1.00000000 
k5         : 13.89112346  1  -120.00000000  120.00000000    1.00000000 
k6         : -54.45812088  1  -120.00000000  220.00000000    1.00000000 
k7         : -45.10802383  1  -120.00000000  220.00000000    1.00000000 
k8         : -0.70903032  1  -120.00000000  120.00000000    1.00000000 
k9         : 82.05950590  1  -120.00000000  120.00000000    1.00000000 
k10        : 95.78545312  1  -120.00000000  220.00000000    1.00000000 
k11        : -38.39426784  1  -120.00000000  120.00000000    1.00000000 
/

