representation  = AA 
storing_path    = Results 
run             = 22 
dpi             = 120 
figsize         : 3.500000 3.500000 
runpath_attributes :  
uncertainty_method = no 

max_ener        = 1.000000 
bC = 30.000000 
max_force       = 0.003000 
central_LD_atoms : 
split_method    = random 
colsplit        = label 

train_colvars   : 
optimization_method = stochastic_SLSQP 
opt_disp        = 0 
optimize        = 1 
maxiter         = 1000 
max_moves       = 40 
nepochs         = 3
batchsize       = 6400 
maxiter_i       = 20000 
tolerance       = 0.000010 
sampling_method = random 
seed            = 111 
train_perc      = 0.800000 
validation_set  = sys_name:Ag10,Ag16 
regularization_method = ridge 

increased_stochasticity = 0.200000 
reg_par         = 0.0000100000 
polish          = 1 
popsize         = 30 

mutation        : 0.500000 1.000000 
recombination   = 0.700000 
initial_temp    = 15230.000000 
restart_temp_ratio = 0.000050 
local_search_scale = 3.000000 
accept          = -5.000000 
visit           = 2.620000 
weighting_method = constant 
w               = 1.000000 
bT              = 2500.000000 
bS              = 15.000000 
costf           = MSE
nLD             = 1 
nPW             = 2 
nBO             = 0 
nAN             = 0 
LD_model        = polynomial 
LD_types        : 
rho_r0          : 0.100000 2.100000 1.000000 
rho_rc          : 5.500000 3.500000 5.200000 
distance_map    = {('S', 'O'): (0.0, 2.5)} 
reference_energy = {'atoms': {'Ag': -92251.97939301}} 
struct_types    = [('Ag',), ('S', 'O')] 
rigid_types     = [] 
perturbation_method = atoms 
lammps_potential_extra_lines = [''] 
rigid_style     = single 

&PW0 Ag Ag
FUNC Morse
re         : 2.61948552  1  1.12000000  4.00000000    0.00000000 
De         : 36.47841695  1  0.10000000  60.00000000    0.10000000 
alpha      : 1.83674603  1  0.10000000  7.00000000    0.00000000 
/

&PW1 Ag Ag
FUNC Bezier
L          : 3.37786357  1  2.70231200  5.00000000    1.00000000 
k1         : -9.53988951  1  -120.00000000  120.00000000    1.00000000 
k2         : 15.56390922  1  -120.00000000  120.00000000    1.00000000 
k3         : 5.58072320  1  -120.00000000  120.00000000    1.00000000 
k4         : -6.44692876  1  -120.00000000  120.00000000    1.00000000 
k5         : 7.26188354  1  -120.00000000  120.00000000    1.00000000 
k6         : -4.97285838  1  -120.00000000  120.00000000    1.00000000 
k7         : 3.18828564  1  -120.00000000  120.00000000    1.00000000 
k8         : 17.79433481  1  -120.00000000  120.00000000    1.00000000 
k9         : 16.55976320  1  -120.00000000  120.00000000    1.00000000 
k10        : 0.00000000  0  -120.00000000  120.00000000    1.00000
/

&LD0 Ag Ag
FUNC Bezier
L          : 12.91063717  0  3.12850974  3.91063717    0.00000000 
k1         : 0.00000000  0  -120.00000000  120.00000000    1.00000000 
k2         : 8.57361905  1  -120.00000000  120.00000000    1.00000000 
k3         : -10.18528073  1  -120.00000000  120.00000000    1.00000000 
k4         : -23.10511168  1  -120.00000000  120.00000000    1.00000000 
k5         : 7.92322946  1  -120.00000000  120.00000000    1.00000000 
k6         : 29.11613972  1  -120.00000000  220.00000000    1.00000000 
k7         : 38.00136660  1  -120.00000000  220.00000000    1.00000000 
k8         : 15.98130915  1  -120.00000000  120.00000000    1.00000000 
k9         : 7.92322946  1  -120.00000000  120.00000000    1.00000000 
k10         : 29.11613972  1  -120.00000000  220.00000000    1.00000000 
k11         : 0.00000000 1  -120.00000000  120.00000000    1.00000000 
/



