distance_map    = {} 
reference_energy = {'atoms': {'Ag': -92228.88371364}} 
struct_types    = [('Ag',), ('N', 'O')] 
rigid_types     = [] 
perturbation_method = atoms 
lammps_potential_extra_lines = [''] 
rigid_style     = single 
extra_pair_coeff = {('DUMP', 'DUMP'): ['morse', 'value', 'value', 'value']} 

&PW0 Ag Ag
FUNC Morse
re         : 2.46661813  1  1.12000000  4.00000000    0.00000000 
De         : 7.87097921  1  0.10000000  40.00000000    0.10000000 
alpha      : 0.79824846  1  0.01000000  7.00000000    0.00000000 
/

&PW1 Ag Ag
FUNC Bezier
L          : 3.93231669  1  2.70231200  5.00000000    1.00000000 
k1         : -115.67524563  1  -120.00000000  120.00000000    1.00000000 
k2         : 87.27336486  1  -120.00000000  120.00000000    1.00000000 
k3         : 67.64654083  1  -120.00000000  120.00000000    1.00000000 
k4         : -23.01011992  1  -120.00000000  120.00000000    1.00000000 
k5         : -14.45346464  1  -120.00000000  120.00000000    1.00000000 
k6         : 85.89051588  1  -120.00000000  120.00000000    1.00000000 
k7         : 71.44832637  1  -120.00000000  120.00000000    1.00000000 
k8         : -2.31947021  1  -120.00000000  120.00000000    1.00000000 
k9         : -71.09869242  1  -120.00000000  120.00000000    1.00000000 
k10        : 41.02418464  1  -120.00000000  120.00000000    1.00000000 
k11        : -12.62357005  1  -120.00000000  120.00000000    1.00000000 
k12        : 2.55077404  1  -120.00000000  120.00000000    1.00000000 
k13        : 0.00000000  0  0.00000000  120.00000000    1.00000000 
/

&LD0 Ag Ag
FUNC Bezier
L          : 16.09994530  1  5.05307235  16.81634043    1.00000000 
k1         : 0.00000000  0  -120.00000000  120.00000000    1.00000000 
k2         : -68.78569618  1  -120.00000000  120.00000000    1.00000000 
k3         : 26.42609025  1  -120.00000000  120.00000000    1.00000000 
k4         : 29.81847934  1  -120.00000000  120.00000000    1.00000000 
k5         : -45.73996659  1  -120.00000000  120.00000000    1.00000000 
k6         : -44.91019362  1  -120.00000000  120.00000000    1.00000000 
k7         : 64.29246120  1  -120.00000000  120.00000000    1.00000000 
k8         : -33.60359934  1  -120.00000000  120.00000000    1.00000000 
k9         : 72.95393725  1  -120.00000000  120.00000000    1.00000000 
k10        : 10.94776749  1  -120.00000000  120.00000000    1.00000000 
k11        : 23.20059548  1  -120.00000000  120.00000000    1.00000000 
k12        : 47.23061184  1  -120.00000000  120.00000000    1.00000000 
k13        : 396.15751835  1  50.00000000  620.00000000    1.00000000 
/

