optimize = 1

nLD=2

rho_r0          = 0.10000000 
rho_rc          = 5.50000000 

distance_map    = {} 
reference_energy = {'atoms': {'Ag': -92228.88371364}} 
struct_types    = [('Ag',), ('N', 'O')] 
rigid_types     = [] 
perturbation_method = atoms 
lammps_potential_extra_lines = [''] 
rigid_style     = single 
extra_pair_coeff = {('DUMP', 'DUMP'): ['morse', 'value', 'value', 'value']} 


&PW0 Ag Ag
FUNC Morse
re         : 3.02709042  0  1.12000000  4.00000000    0.00000000 
De         : 12.55455887  0  0.10000000  40.00000000    0.10000000 
alpha      : 1.08886770  0  0.01000000  7.00000000    0.00000000 
/

&PW1 Ag Ag
FUNC Bezier
L          : 3.37262904  0  2.70231200  5.00000000    1.00000000 
k1         : -115.30826392  0  -120.00000000  120.00000000    1.00000000 
k2         : 97.08012966  0  -120.00000000  120.00000000    1.00000000 
k3         : 111.05009857  0  -120.00000000  120.00000000    1.00000000 
k4         : -27.45979180  0  -120.00000000  120.00000000    1.00000000 
k5         : 19.69148419  0  -120.00000000  120.00000000    1.00000000 
k6         : 85.17757284  0  -120.00000000  120.00000000    1.00000000 
k7         : 22.91511878  0  -120.00000000  120.00000000    1.00000000 
k8         : -18.40146555  0  -120.00000000  120.00000000    1.00000000 
k9         : 26.21366370  0  -120.00000000  120.00000000    1.00000000 
k10        : -74.90400607  0  -120.00000000  120.00000000    1.00000000 
k11        : 35.41970265  0  -120.00000000  120.00000000    1.00000000 
k12        : -18.54582119  0  -120.00000000  120.00000000    1.00000000 
k13        : 0.00000000  0  0.00000000  120.00000000    1.00000000 
/

&LD0 Ag Ag
FUNC Bezier
L          : 16.10507607  0  5.05307235  16.81634043    1.00000000 
k1         : 0.00000000  0  -120.00000000  120.00000000    1.00000000 
k2         : 0.85278478  0  -120.00000000  120.00000000    1.00000000 
k3         : -42.51528138  0  -120.00000000  120.00000000    1.00000000 
k4         : 90.26578241  0  -120.00000000  120.00000000    1.00000000 
k5         : 10.46795522  0  -120.00000000  120.00000000    1.00000000 
k6         : -38.42305147  0  -120.00000000  120.00000000    1.00000000 
k7         : 85.58192287  0  -120.00000000  120.00000000    1.00000000 
k8         : -1.34148619  0  -120.00000000  120.00000000    1.00000000 
k9         : 111.81835977  0  -120.00000000  120.00000000    1.00000000 
k10        : 112.68163422  0  -120.00000000  120.00000000    1.00000000 
k11        : 118.49279834  0  -120.00000000  120.00000000    1.00000000 
k12        : 85.79747838  0  -120.00000000  120.00000000    1.00000000 
k13        : 213.86399159  0  50.00000000  620.00000000    1.00000000 
/

&LD1 Ag Ag
FUNC Bezier
L          : 6.0  0  5.05307235  6.70    1.00000000 
k1         : 0.000000  0  -120.00000000  120.00000000    1.00000000 
k2         : 0.000000  1  -120.00000000  120.00000000    1.00000000 
k3         : 0.000000  1  -120.00000000  120.00000000    1.00000000 
k4         : 0.000000  1  -120.00000000  120.00000000    1.00000000 
k5         : 0.000000  1  -120.00000000  120.00000000    1.00000000 
k6         : 0.000000  1  -120.00000000  120.00000000    1.00000000 
k7         : 0.000000  1  -120.00000000  120.00000000    1.00000000 
k8         : 0.000000  1  -120.00000000  120.00000000    1.00000000 
k9         : 0.000000  1  -120.00000000  120.00000000    1.00000000 
/
